2 3 3
2 5 5
2 7 7
2 11 11
2 13 13
2 17 17
2 19 19
2 23 23
2 29 29
2 31 31
2 37 37
2 41 41
2 43 43
2 47 47
2 53 53
2 59 59
2 61 61
2 67 67
2 71 71
2 73 73
2 79 79
2 83 83
2 89 89
2 97 97
3 5 5
3 7 7
3 11 11
3 13 13
3 17 17
3 19 19
3 23 23
3 29 29
3 31 31
3 37 37
3 41 41
3 43 43
3 47 47
3 53 53
3 59 59
3 61 61
3 67 67
3 71 71
3 73 73
3 79 79
3 83 83
3 89 89
3 97 97
5 7 7
5 11 11
5 13 13
5 17 17
5 19 19
5 23 23
5 29 29
5 31 31
5 37 37
5 41 41
5 43 43
5 47 47
5 53 53
5 59 59
5 61 61
5 67 67
5 71 71
5 73 73
5 79 79
5 83 83
5 89 89
5 97 97
7 11 11
7 13 13
7 17 17
7 19 19
7 23 23
7 29 29
7 31 31
7 37 37
7 41 41
7 43 43
7 47 47
7 53 53
7 59 59
7 61 61
7 67 67
7 71 71
7 73 73
7 79 79
7 83 83
7 89 89
7 97 97
11 13 13
11 17 17
11 19 19
11 23 23
11 29 29
11 31 31
11 37 37
11 41 41
11 43 43
11 47 47
11 53 53
11 59 59
11 61 61
11 67 67
11 71 71
11 73 73
11 79 79
11 83 83
11 89 89
11 97 97
13 17 17
13 19 19
13 23 23
13 29 29
13 31 31
13 37 37
13 41 41
13 43 43
13 47 47
13 53 53
13 59 59
13 61 61
13 67 67
13 71 71
13 73 73
13 79 79
13 83 83
13 89 89
13 97 97
17 19 19
17 23 23
17 29 29
17 31 31
17 37 37
17 41 41
17 43 43
17 47 47
17 53 53
17 59 59
17 61 61
17 67 67
17 71 71
17 73 73
17 79 79
17 83 83
17 89 89
17 97 97
19 23 23
19 29 29
19 31 31
19 37 37
19 41 41
19 43 43
19 47 47
19 53 53
19 59 59
19 61 61
19 67 67
19 71 71
19 73 73
19 79 79
19 83 83
19 89 89
19 97 97
23 29 29
23 31 31
23 37 37
23 41 41
23 43 43
23 47 47
23 53 53
23 59 59
23 61 61
23 67 67
23 71 71
23 73 73
23 79 79
23 83 83
23 89 89
23 97 97
29 31 31
29 37 37
29 41 41
29 43 43
29 47 47
29 53 53
29 59 59
29 61 61
29 67 67
29 71 71
29 73 73
29 79 79
29 83 83
29 89 89
29 97 97
31 37 37
31 41 41
31 43 43
31 47 47
31 53 53
31 59 59
31 61 61
31 67 67
31 71 71
31 73 73
31 79 79
31 83 83
31 89 89
31 97 97
37 41 41
37 43 43
37 47 47
37 53 53
37 59 59
37 61 61
37 67 67
37 71 71
37 73 73
37 79 79
37 83 83
37 89 89
37 97 97
41 43 43
41 47 47
41 53 53
41 59 59
41 61 61
41 67 67
41 71 71
41 73 73
41 79 79
41 83 83
41 89 89
41 97 97
43 47 47
43 53 53
43 59 59
43 61 61
43 67 67
43 71 71
43 73 73
43 79 79
43 83 83
43 89 89
43 97 97
47 53 53
47 59 59
47 61 61
47 67 67
47 71 71
47 73 73
47 79 79
47 83 83
47 89 89
47 97 97
53 59 59
53 61 61
53 67 67
53 71 71
53 73 73
53 79 79
53 83 83
53 89 89
53 97 97
59 61 61
59 67 67
59 71 71
59 73 73
59 79 79
59 83 83
59 89 89
59 97 97
61 67 67
61 71 71
61 73 73
61 79 79
61 83 83
61 89 89
61 97 97
67 71 71
67 73 73
67 79 79
67 83 83
67 89 89
67 97 97
71 73 73
71 79 79
71 83 83
71 89 89
71 97 97
73 79 79
73 83 83
73 89 89
73 97 97
79 83 83
79 89 89
79 97 97
83 89 89
83 97 97
89 97 97
