5 7 11
5 11 13
5 13 17
5 17 19
5 19 23
5 23 29
5 29 31
5 31 37
5 37 41
5 41 43
5 43 49
5 49 53
5 53 59
5 59 61
5 61 67
5 67 71
5 71 73
5 73 79
5 79 83
5 83 89
5 89 97
7 11 13
7 11 17
7 13 17
7 13 19
7 17 19
7 17 23
7 19 23
7 19 29
7 23 29
7 23 31
7 29 31
7 29 37
7 31 37
7 31 41
7 37 41
7 37 43
7 41 43
7 41 49
7 43 49
7 43 53
7 49 53
7 49 59
7 53 59
7 53 61
7 59 61
7 59 67
7 61 67
7 61 71
7 67 71
7 67 73
7 71 73
7 71 79
7 73 79
7 73 83
7 79 83
7 79 89
7 83 89
7 83 97
7 89 97
11 13 17
11 13 19
11 13 23
11 17 19
11 17 23
11 17 29
11 19 23
11 19 29
11 19 31
11 23 29
11 23 31
11 23 37
11 29 31
11 29 37
11 29 41
11 31 37
11 31 41
11 31 43
11 37 41
11 37 43
11 37 49
11 41 43
11 41 49
11 41 53
11 43 49
11 43 53
11 43 59
11 49 53
11 49 59
11 49 61
11 53 59
11 53 61
11 53 67
11 59 61
11 59 67
11 59 71
11 61 67
11 61 71
11 61 73
11 67 71
11 67 73
11 67 79
11 71 73
11 71 79
11 71 83
11 73 79
11 73 83
11 73 89
11 79 83
11 79 89
11 79 97
11 83 89
11 83 97
11 89 97
13 17 19
13 17 23
13 17 29
13 17 31
13 19 23
13 19 29
13 19 31
13 19 37
13 23 29
13 23 31
13 23 37
13 23 41
13 29 31
13 29 37
13 29 41
13 29 43
13 31 37
13 31 41
13 31 43
13 31 49
13 37 41
13 37 43
13 37 49
13 37 53
13 41 43
13 41 49
13 41 53
13 41 59
13 43 49
13 43 53
13 43 59
13 43 61
13 49 53
13 49 59
13 49 61
13 49 67
13 53 59
13 53 61
13 53 67
13 53 71
13 59 61
13 59 67
13 59 71
13 59 73
13 61 67
13 61 71
13 61 73
13 61 79
13 67 71
13 67 73
13 67 79
13 67 83
13 71 73
13 71 79
13 71 83
13 71 89
13 73 79
13 73 83
13 73 89
13 73 97
13 79 83
13 79 89
13 79 97
13 83 89
13 83 97
13 89 97
17 19 23
17 19 29
17 19 31
17 19 37
17 19 41
17 23 29
17 23 31
17 23 37
17 23 41
17 23 43
17 29 31
17 29 37
17 29 41
17 29 43
17 29 49
17 31 37
17 31 41
17 31 43
17 31 49
17 31 53
17 37 41
17 37 43
17 37 49
17 37 53
17 37 59
17 41 43
17 41 49
17 41 53
17 41 59
17 41 61
17 43 49
17 43 53
17 43 59
17 43 61
17 43 67
17 49 53
17 49 59
17 49 61
17 49 67
17 49 71
17 53 59
17 53 61
17 53 67
17 53 71
17 53 73
17 59 61
17 59 67
17 59 71
17 59 73
17 59 79
17 61 67
17 61 71
17 61 73
17 61 79
17 61 83
17 67 71
17 67 73
17 67 79
17 67 83
17 67 89
17 71 73
17 71 79
17 71 83
17 71 89
17 71 97
17 73 79
17 73 83
17 73 89
17 73 97
17 79 83
17 79 89
17 79 97
17 83 89
17 83 97
17 89 97
19 23 29
19 23 31
19 23 37
19 23 41
19 23 43
19 23 49
19 29 31
19 29 37
19 29 41
19 29 43
19 29 49
19 29 53
19 31 37
19 31 41
19 31 43
19 31 49
19 31 53
19 31 59
19 37 41
19 37 43
19 37 49
19 37 53
19 37 59
19 37 61
19 41 43
19 41 49
19 41 53
19 41 59
19 41 61
19 41 67
19 43 49
19 43 53
19 43 59
19 43 61
19 43 67
19 43 71
19 49 53
19 49 59
19 49 61
19 49 67
19 49 71
19 49 73
19 53 59
19 53 61
19 53 67
19 53 71
19 53 73
19 53 79
19 59 61
19 59 67
19 59 71
19 59 73
19 59 79
19 59 83
19 61 67
19 61 71
19 61 73
19 61 79
19 61 83
19 61 89
19 67 71
19 67 73
19 67 79
19 67 83
19 67 89
19 67 97
19 71 73
19 71 79
19 71 83
19 71 89
19 71 97
19 73 79
19 73 83
19 73 89
19 73 97
19 79 83
19 79 89
19 79 97
19 83 89
19 83 97
19 89 97
23 29 31
23 29 37
23 29 41
23 29 43
23 29 49
23 29 53
23 29 59
23 31 37
23 31 41
23 31 43
23 31 49
23 31 53
23 31 59
23 31 61
23 37 41
23 37 43
23 37 49
23 37 53
23 37 59
23 37 61
23 37 67
23 41 43
23 41 49
23 41 53
23 41 59
23 41 61
23 41 67
23 41 71
23 43 49
23 43 53
23 43 59
23 43 61
23 43 67
23 43 71
23 43 73
23 49 53
23 49 59
23 49 61
23 49 67
23 49 71
23 49 73
23 49 79
23 53 59
23 53 61
23 53 67
23 53 71
23 53 73
23 53 79
23 53 83
23 59 61
23 59 67
23 59 71
23 59 73
23 59 79
23 59 83
23 59 89
23 61 67
23 61 71
23 61 73
23 61 79
23 61 83
23 61 89
23 61 97
23 67 71
23 67 73
23 67 79
23 67 83
23 67 89
23 67 97
23 71 73
23 71 79
23 71 83
23 71 89
23 71 97
23 73 79
23 73 83
23 73 89
23 73 97
23 79 83
23 79 89
23 79 97
23 83 89
23 83 97
23 89 97
29 31 37
29 31 41
29 31 43
29 31 49
29 31 53
29 31 59
29 31 61
29 31 67
29 37 41
29 37 43
29 37 49
29 37 53
29 37 59
29 37 61
29 37 67
29 37 71
29 41 43
29 41 49
29 41 53
29 41 59
29 41 61
29 41 67
29 41 71
29 41 73
29 43 49
29 43 53
29 43 59
29 43 61
29 43 67
29 43 71
29 43 73
29 43 79
29 49 53
29 49 59
29 49 61
29 49 67
29 49 71
29 49 73
29 49 79
29 49 83
29 53 59
29 53 61
29 53 67
29 53 71
29 53 73
29 53 79
29 53 83
29 53 89
29 59 61
29 59 67
29 59 71
29 59 73
29 59 79
29 59 83
29 59 89
29 59 97
29 61 67
29 61 71
29 61 73
29 61 79
29 61 83
29 61 89
29 61 97
29 67 71
29 67 73
29 67 79
29 67 83
29 67 89
29 67 97
29 71 73
29 71 79
29 71 83
29 71 89
29 71 97
29 73 79
29 73 83
29 73 89
29 73 97
29 79 83
29 79 89
29 79 97
29 83 89
29 83 97
29 89 97
31 37 41
31 37 43
31 37 49
31 37 53
31 37 59
31 37 61
31 37 67
31 37 71
31 37 73
31 41 43
31 41 49
31 41 53
31 41 59
31 41 61
31 41 67
31 41 71
31 41 73
31 41 79
31 43 49
31 43 53
31 43 59
31 43 61
31 43 67
31 43 71
31 43 73
31 43 79
31 43 83
31 49 53
31 49 59
31 49 61
31 49 67
31 49 71
31 49 73
31 49 79
31 49 83
31 49 89
31 53 59
31 53 61
31 53 67
31 53 71
31 53 73
31 53 79
31 53 83
31 53 89
31 53 97
31 59 61
31 59 67
31 59 71
31 59 73
31 59 79
31 59 83
31 59 89
31 59 97
31 61 67
31 61 71
31 61 73
31 61 79
31 61 83
31 61 89
31 61 97
31 67 71
31 67 73
31 67 79
31 67 83
31 67 89
31 67 97
31 71 73
31 71 79
31 71 83
31 71 89
31 71 97
31 73 79
31 73 83
31 73 89
31 73 97
31 79 83
31 79 89
31 79 97
31 83 89
31 83 97
31 89 97
37 41 43
37 41 49
37 41 53
37 41 59
37 41 61
37 41 67
37 41 71
37 41 73
37 41 79
37 41 83
37 43 49
37 43 53
37 43 59
37 43 61
37 43 67
37 43 71
37 43 73
37 43 79
37 43 83
37 43 89
37 49 53
37 49 59
37 49 61
37 49 67
37 49 71
37 49 73
37 49 79
37 49 83
37 49 89
37 49 97
37 53 59
37 53 61
37 53 67
37 53 71
37 53 73
37 53 79
37 53 83
37 53 89
37 53 97
37 59 61
37 59 67
37 59 71
37 59 73
37 59 79
37 59 83
37 59 89
37 59 97
37 61 67
37 61 71
37 61 73
37 61 79
37 61 83
37 61 89
37 61 97
37 67 71
37 67 73
37 67 79
37 67 83
37 67 89
37 67 97
37 71 73
37 71 79
37 71 83
37 71 89
37 71 97
37 73 79
37 73 83
37 73 89
37 73 97
37 79 83
37 79 89
37 79 97
37 83 89
37 83 97
37 89 97
41 43 49
41 43 53
41 43 59
41 43 61
41 43 67
41 43 71
41 43 73
41 43 79
41 43 83
41 43 89
41 43 97
41 49 53
41 49 59
41 49 61
41 49 67
41 49 71
41 49 73
41 49 79
41 49 83
41 49 89
41 49 97
41 53 59
41 53 61
41 53 67
41 53 71
41 53 73
41 53 79
41 53 83
41 53 89
41 53 97
41 59 61
41 59 67
41 59 71
41 59 73
41 59 79
41 59 83
41 59 89
41 59 97
41 61 67
41 61 71
41 61 73
41 61 79
41 61 83
41 61 89
41 61 97
41 67 71
41 67 73
41 67 79
41 67 83
41 67 89
41 67 97
41 71 73
41 71 79
41 71 83
41 71 89
41 71 97
41 73 79
41 73 83
41 73 89
41 73 97
41 79 83
41 79 89
41 79 97
41 83 89
41 83 97
41 89 97
43 49 53
43 49 59
43 49 61
43 49 67
43 49 71
43 49 73
43 49 79
43 49 83
43 49 89
43 49 97
43 53 59
43 53 61
43 53 67
43 53 71
43 53 73
43 53 79
43 53 83
43 53 89
43 53 97
43 59 61
43 59 67
43 59 71
43 59 73
43 59 79
43 59 83
43 59 89
43 59 97
43 61 67
43 61 71
43 61 73
43 61 79
43 61 83
43 61 89
43 61 97
43 67 71
43 67 73
43 67 79
43 67 83
43 67 89
43 67 97
43 71 73
43 71 79
43 71 83
43 71 89
43 71 97
43 73 79
43 73 83
43 73 89
43 73 97
43 79 83
43 79 89
43 79 97
43 83 89
43 83 97
43 89 97
49 53 59
49 53 61
49 53 67
49 53 71
49 53 73
49 53 79
49 53 83
49 53 89
49 53 97
49 59 61
49 59 67
49 59 71
49 59 73
49 59 79
49 59 83
49 59 89
49 59 97
49 61 67
49 61 71
49 61 73
49 61 79
49 61 83
49 61 89
49 61 97
49 67 71
49 67 73
49 67 79
49 67 83
49 67 89
49 67 97
49 71 73
49 71 79
49 71 83
49 71 89
49 71 97
49 73 79
49 73 83
49 73 89
49 73 97
49 79 83
49 79 89
49 79 97
49 83 89
49 83 97
49 89 97
53 59 61
53 59 67
53 59 71
53 59 73
53 59 79
53 59 83
53 59 89
53 59 97
53 61 67
53 61 71
53 61 73
53 61 79
53 61 83
53 61 89
53 61 97
53 67 71
53 67 73
53 67 79
53 67 83
53 67 89
53 67 97
53 71 73
53 71 79
53 71 83
53 71 89
53 71 97
53 73 79
53 73 83
53 73 89
53 73 97
53 79 83
53 79 89
53 79 97
53 83 89
53 83 97
53 89 97
59 61 67
59 61 71
59 61 73
59 61 79
59 61 83
59 61 89
59 61 97
59 67 71
59 67 73
59 67 79
59 67 83
59 67 89
59 67 97
59 71 73
59 71 79
59 71 83
59 71 89
59 71 97
59 73 79
59 73 83
59 73 89
59 73 97
59 79 83
59 79 89
59 79 97
59 83 89
59 83 97
59 89 97
61 67 71
61 67 73
61 67 79
61 67 83
61 67 89
61 67 97
61 71 73
61 71 79
61 71 83
61 71 89
61 71 97
61 73 79
61 73 83
61 73 89
61 73 97
61 79 83
61 79 89
61 79 97
61 83 89
61 83 97
61 89 97
67 71 73
67 71 79
67 71 83
67 71 89
67 71 97
67 73 79
67 73 83
67 73 89
67 73 97
67 79 83
67 79 89
67 79 97
67 83 89
67 83 97
67 89 97
71 73 79
71 73 83
71 73 89
71 73 97
71 79 83
71 79 89
71 79 97
71 83 89
71 83 97
71 89 97
73 79 83
73 79 89
73 79 97
73 83 89
73 83 97
73 89 97
79 83 89
79 83 97
79 89 97
83 89 97
