SIDE: 3 4 5 
ANGLE: 36.8699 53.1301 90
AREA: 6
SIDE: 5 6 7 
ANGLE: 44.4153 57.1217 78.463
AREA: 14.6969
SIDE: 7 8 9 
ANGLE: 48.1897 58.4119 73.3985
AREA: 26.8328
SIDE: 9 10 11 
ANGLE: 50.4788 58.9924 70.5288
AREA: 42.4264
SIDE: 11 12 13 
ANGLE: 52.0201 59.3036 68.6763
AREA: 61.4817
SIDE: 13 14 15 
ANGLE: 53.1301 59.4898 67.3801
AREA: 84
SIDE: 15 16 17 
ANGLE: 53.9681 59.6101 66.4218
AREA: 109.982
SIDE: 17 18 19 
ANGLE: 54.6235 59.6923 65.6843
AREA: 139.427
SIDE: 19 20 21 
ANGLE: 55.1501 59.751 65.0989
AREA: 172.337
SIDE: 21 22 23 
ANGLE: 55.5826 59.7943 64.6231
AREA: 208.71
SIDE: 23 24 25 
ANGLE: 55.9442 59.8273 64.2285
AREA: 248.548
SIDE: 25 26 27 
ANGLE: 56.251 59.8529 63.8961
AREA: 291.849
SIDE: 27 28 29 
ANGLE: 56.5146 59.8732 63.6122
AREA: 338.615
SIDE: 29 30 31 
ANGLE: 56.7436 59.8896 63.3669
AREA: 388.844
SIDE: 31 32 33 
ANGLE: 56.9443 59.9029 63.1528
AREA: 442.538
SIDE: 33 34 35 
ANGLE: 57.1217 59.914 62.9643
AREA: 499.696
SIDE: 35 36 37 
ANGLE: 57.2796 59.9233 62.7971
AREA: 560.318
SIDE: 37 38 39 
ANGLE: 57.421 59.9312 62.6478
AREA: 624.404
SIDE: 39 40 41 
ANGLE: 57.5485 59.9379 62.5136
AREA: 691.954
SIDE: 41 42 43 
ANGLE: 57.664 59.9437 62.3923
AREA: 762.968
SIDE: 43 44 45 
ANGLE: 57.769 59.9487 62.2823
AREA: 837.446
SIDE: 45 46 47 
ANGLE: 57.8651 59.9531 62.1819
AREA: 915.388
SIDE: 47 48 49 
ANGLE: 57.9532 59.9569 62.0899
AREA: 996.795
SIDE: 49 50 51 
ANGLE: 58.0343 59.9603 62.0054
AREA: 1081.67
SIDE: 51 52 53 
ANGLE: 58.1092 59.9633 61.9275
AREA: 1170
SIDE: 53 54 55 
ANGLE: 58.1786 59.9659 61.8554
AREA: 1261.8
SIDE: 55 56 57 
ANGLE: 58.2431 59.9683 61.7885
AREA: 1357.06
SIDE: 57 58 59 
ANGLE: 58.3032 59.9705 61.7263
AREA: 1455.79
SIDE: 59 60 61 
ANGLE: 58.3593 59.9724 61.6682
AREA: 1557.98
SIDE: 61 62 63 
ANGLE: 58.4119 59.9742 61.614
AREA: 1663.63
SIDE: 63 64 65 
ANGLE: 58.4611 59.9758 61.5631
AREA: 1772.75
SIDE: 65 66 67 
ANGLE: 58.5074 59.9772 61.5154
AREA: 1885.34
SIDE: 67 68 69 
ANGLE: 58.551 59.9785 61.4705
AREA: 2001.38
SIDE: 69 70 71 
ANGLE: 58.5921 59.9797 61.4281
AREA: 2120.9
SIDE: 71 72 73 
ANGLE: 58.631 59.9809 61.3882
AREA: 2243.87
SIDE: 73 74 75 
ANGLE: 58.6677 59.9819 61.3504
AREA: 2370.31
SIDE: 75 76 77 
ANGLE: 58.7026 59.9828 61.3146
AREA: 2500.22
SIDE: 77 78 79 
ANGLE: 58.7357 59.9837 61.2807
AREA: 2633.58
SIDE: 79 80 81 
ANGLE: 58.7671 59.9845 61.2484
AREA: 2770.42
SIDE: 81 82 83 
ANGLE: 58.797 59.9852 61.2178
AREA: 2910.71
SIDE: 83 84 85 
ANGLE: 58.8254 59.9859 61.1886
AREA: 3054.47
SIDE: 85 86 87 
ANGLE: 58.8526 59.9866 61.1608
AREA: 3201.7
SIDE: 87 88 89 
ANGLE: 58.8785 59.9872 61.1343
AREA: 3352.38
SIDE: 89 90 91 
ANGLE: 58.9033 59.9877 61.1089
AREA: 3506.54
SIDE: 91 92 93 
ANGLE: 58.927 59.9883 61.0847
AREA: 3664.15
SIDE: 93 94 95 
ANGLE: 58.9498 59.9888 61.0615
AREA: 3825.23
SIDE: 95 96 97 
ANGLE: 58.9715 59.9892 61.0392
AREA: 3989.78
