SIDE: 3 4 5 
ANGLE: 36.8699 53.1301 90
AREA: 6
SIDE: 3 25 26 
ANGLE: 6.35966 67.3801 106.26
AREA: 36
SIDE: 4 13 15 
ANGLE: 14.25 53.1301 112.62
AREA: 24
SIDE: 4 51 53 
ANGLE: 3.8183 58.1092 118.072
AREA: 90
SIDE: 5 12 13 
ANGLE: 22.6199 67.3801 90
AREA: 30
SIDE: 5 51 52 
ANGLE: 5.45262 75.75 98.7974
AREA: 126
SIDE: 6 25 29 
ANGLE: 9.52728 43.6028 126.87
AREA: 60
SIDE: 7 24 25 
ANGLE: 16.2602 73.7398 90
AREA: 84
SIDE: 7 65 68 
ANGLE: 5.45262 61.9275 112.62
AREA: 210
SIDE: 8 15 17 
ANGLE: 28.0725 61.9275 90
AREA: 60
SIDE: 8 29 35 
ANGLE: 9.52728 36.8699 133.603
AREA: 84
SIDE: 9 10 17 
ANGLE: 25.0576 28.0725 126.87
AREA: 36
SIDE: 9 40 41 
ANGLE: 12.6804 77.3196 90
AREA: 180
SIDE: 9 73 80 
ANGLE: 4.24219 36.8699 138.888
AREA: 216
SIDE: 10 17 21 
ANGLE: 28.0725 53.1301 98.7974
AREA: 84
SIDE: 11 13 20 
ANGLE: 30.5102 36.8699 112.62
AREA: 66
SIDE: 11 60 61 
ANGLE: 10.3889 79.6111 90
AREA: 330
SIDE: 11 90 97 
ANGLE: 5.20512 47.925 126.87
AREA: 396
SIDE: 12 17 25 
ANGLE: 25.0576 36.8699 118.072
AREA: 90
SIDE: 12 35 37 
ANGLE: 18.9246 71.0754 90
AREA: 210
SIDE: 13 14 15 
ANGLE: 53.1301 59.4898 67.3801
AREA: 84
SIDE: 13 20 21 
ANGLE: 36.8699 67.3801 75.75
AREA: 126
SIDE: 13 30 37 
ANGLE: 18.9246 48.4555 112.62
AREA: 180
SIDE: 13 37 40 
ANGLE: 18.9246 67.3801 93.6952
AREA: 240
SIDE: 13 40 51 
ANGLE: 8.79741 28.0725 143.13
AREA: 156
SIDE: 13 68 75 
ANGLE: 8.79741 53.1301 118.072
AREA: 390
SIDE: 13 84 85 
ANGLE: 8.79741 81.2026 90
AREA: 546
SIDE: 14 61 65 
ANGLE: 12.231 67.3801 100.389
AREA: 420
SIDE: 15 26 37 
ANGLE: 18.9246 34.2055 126.87
AREA: 156
SIDE: 15 28 41 
ANGLE: 12.6804 24.1895 143.13
AREA: 126
SIDE: 15 37 44 
ANGLE: 18.9246 53.1301 107.945
AREA: 264
SIDE: 15 41 52 
ANGLE: 12.6804 36.8699 130.45
AREA: 234
SIDE: 15 52 61 
ANGLE: 12.231 47.2588 120.51
AREA: 336
SIDE: 16 25 39 
ANGLE: 14.25 22.6199 143.13
AREA: 120
SIDE: 16 63 65 
ANGLE: 14.25 75.75 90
AREA: 504
SIDE: 17 25 26 
ANGLE: 38.8801 67.3801 73.7398
AREA: 204
SIDE: 17 25 28 
ANGLE: 36.8699 61.9275 81.2026
AREA: 210
SIDE: 17 28 39 
ANGLE: 22.6199 39.3076 118.072
AREA: 210
SIDE: 17 39 44 
ANGLE: 22.6199 61.9275 95.4526
AREA: 330
SIDE: 17 40 41 
ANGLE: 24.1895 74.6079 81.2026
AREA: 336
SIDE: 17 89 90 
ANGLE: 10.8807 81.2026 87.9167
AREA: 756
SIDE: 19 20 37 
ANGLE: 17.9453 18.9246 143.13
AREA: 114
SIDE: 19 60 73 
ANGLE: 12.018 41.1121 126.87
AREA: 456
SIDE: 20 21 29 
ANGLE: 43.6028 46.3972 90
AREA: 210
SIDE: 20 37 51 
ANGLE: 18.9246 36.8699 124.205
AREA: 306
SIDE: 21 41 50 
ANGLE: 24.1895 53.1301 102.68
AREA: 420
SIDE: 21 61 68 
ANGLE: 17.6836 61.9275 100.389
AREA: 630
SIDE: 21 82 89 
ANGLE: 13.3089 64.0108 102.68
AREA: 840
SIDE: 22 85 91 
ANGLE: 13.8225 67.3801 98.7974
AREA: 924
SIDE: 24 35 53 
ANGLE: 21.2393 31.8908 126.87
AREA: 336
SIDE: 25 29 36 
ANGLE: 43.6028 53.1301 83.2671
AREA: 360
SIDE: 25 33 52 
ANGLE: 22.6199 30.5102 126.87
AREA: 330
SIDE: 25 34 39 
ANGLE: 39.3076 59.4898 81.2026
AREA: 420
SIDE: 25 38 51 
ANGLE: 28.0725 45.6673 106.26
AREA: 456
SIDE: 25 39 56 
ANGLE: 22.6199 36.8699 120.51
AREA: 420
SIDE: 25 51 52 
ANGLE: 28.0725 73.7398 78.1877
AREA: 624
SIDE: 25 51 74 
ANGLE: 9.14784 18.9246 151.928
AREA: 300
SIDE: 25 52 63 
ANGLE: 22.6199 53.1301 104.25
AREA: 630
SIDE: 25 63 74 
ANGLE: 18.9246 54.8152 106.26
AREA: 756
SIDE: 25 74 77 
ANGLE: 18.9246 73.7398 87.3356
AREA: 924
SIDE: 26 35 51 
ANGLE: 28.0725 39.3076 112.62
AREA: 420
SIDE: 26 51 55 
ANGLE: 28.0725 67.3801 84.5474
AREA: 660
SIDE: 26 51 73 
ANGLE: 13.0396 26.268 140.692
AREA: 420
SIDE: 26 73 97 
ANGLE: 6.81289 19.4552 153.732
AREA: 420
SIDE: 27 29 52 
ANGLE: 20.983 22.6199 136.397
AREA: 270
SIDE: 28 45 53 
ANGLE: 31.8908 58.1092 90
AREA: 630
SIDE: 28 65 89 
ANGLE: 10.8807 25.9892 143.13
AREA: 546
SIDE: 29 35 48 
ANGLE: 36.8699 46.3972 96.7329
AREA: 504
SIDE: 29 52 69 
ANGLE: 22.6199 43.6028 113.777
AREA: 690
SIDE: 29 52 75 
ANGLE: 16.2602 30.137 133.603
AREA: 546
SIDE: 29 65 68 
ANGLE: 25.0576 71.6753 83.2671
AREA: 936
SIDE: 29 75 92 
ANGLE: 16.2602 46.3972 117.343
AREA: 966
SIDE: 31 68 87 
ANGLE: 18.3247 43.6028 118.072
AREA: 930
SIDE: 32 53 75 
ANGLE: 21.2393 36.8699 121.891
AREA: 720
SIDE: 33 34 65 
ANGLE: 13.8225 14.25 151.928
AREA: 264
SIDE: 33 41 58 
ANGLE: 33.7168 43.6028 102.68
AREA: 660
SIDE: 33 56 65 
ANGLE: 30.5102 59.4898 90
AREA: 924
SIDE: 33 58 85 
ANGLE: 15.5303 28.0725 136.397
AREA: 660
SIDE: 34 55 87 
ANGLE: 9.52728 15.5303 154.942
AREA: 396
SIDE: 34 61 75 
ANGLE: 26.481 53.1301 100.389
AREA: 1020
SIDE: 34 65 93 
ANGLE: 14.25 28.0725 137.677
AREA: 744
SIDE: 35 52 73 
ANGLE: 26.268 41.1121 112.62
AREA: 840
SIDE: 35 53 66 
ANGLE: 31.8908 53.1301 94.9791
AREA: 924
SIDE: 35 78 97 
ANGLE: 19.4552 47.925 112.62
AREA: 1260
SIDE: 36 61 65 
ANGLE: 33.0087 67.3801 79.6111
AREA: 1080
SIDE: 36 77 85 
ANGLE: 25.0576 64.9424 90
AREA: 1386
SIDE: 37 72 91 
ANGLE: 22.6199 48.4555 108.925
AREA: 1260
SIDE: 37 91 96 
ANGLE: 22.6199 71.0754 86.3048
AREA: 1680
SIDE: 38 65 87 
ANGLE: 23.7773 43.6028 112.62
AREA: 1140
SIDE: 39 41 50 
ANGLE: 49.5503 53.1301 77.3196
AREA: 780
SIDE: 39 55 82 
ANGLE: 24.1895 35.3002 120.51
AREA: 924
SIDE: 39 58 95 
ANGLE: 9.52728 14.25 156.223
AREA: 456
SIDE: 39 62 85 
ANGLE: 25.0576 42.3225 112.62
AREA: 1116
SIDE: 39 80 89 
ANGLE: 25.9892 64.0108 90
AREA: 1560
SIDE: 39 85 92 
ANGLE: 25.0576 67.3801 87.5622
AREA: 1656
SIDE: 40 51 77 
ANGLE: 28.0725 36.8699 115.058
AREA: 924
SIDE: 41 50 73 
ANGLE: 32.6277 41.1121 106.26
AREA: 984
SIDE: 41 50 89 
ANGLE: 10.8807 13.3089 155.81
AREA: 420
SIDE: 41 51 58 
ANGLE: 43.6028 59.0776 77.3196
AREA: 1020
SIDE: 41 66 85 
ANGLE: 28.0725 49.2471 102.68
AREA: 1320
SIDE: 41 84 85 
ANGLE: 28.0725 74.6079 77.3196
AREA: 1680
SIDE: 43 61 68 
ANGLE: 38.4613 61.9275 79.6111
AREA: 1290
SIDE: 44 65 87 
ANGLE: 29.3528 46.3972 104.25
AREA: 1386
SIDE: 44 75 97 
ANGLE: 25.8148 47.925 106.26
AREA: 1584
SIDE: 48 55 73 
ANGLE: 41.1121 48.8879 90
AREA: 1320
SIDE: 48 85 91 
ANGLE: 31.4173 67.3801 81.2026
AREA: 2016
SIDE: 50 69 73 
ANGLE: 41.1121 65.1481 73.7398
AREA: 1656
SIDE: 51 52 53 
ANGLE: 58.1092 59.9633 61.9275
AREA: 1170
SIDE: 51 52 97 
ANGLE: 19.4552 19.8525 140.692
AREA: 840
SIDE: 52 61 87 
ANGLE: 36.0083 43.6028 100.389
AREA: 1560
SIDE: 52 73 75 
ANGLE: 41.1121 67.3801 71.5078
AREA: 1800
SIDE: 53 75 88 
ANGLE: 36.8699 58.1092 85.0209
AREA: 1980
SIDE: 56 61 75 
ANGLE: 47.2588 53.1301 79.6111
AREA: 1680
SIDE: 57 65 68 
ANGLE: 50.6924 61.9275 67.3801
AREA: 1710
SIDE: 57 82 89 
ANGLE: 38.6696 64.0108 77.3196
AREA: 2280
SIDE: 60 73 91 
ANGLE: 41.1121 53.1301 85.7578
AREA: 2184
SIDE: 61 74 87 
ANGLE: 43.6028 56.786 79.6111
AREA: 2220
SIDE: 65 72 97 
ANGLE: 42.075 47.925 90
AREA: 2340
SIDE: 65 76 87 
ANGLE: 46.3972 57.8529 75.75
AREA: 2394
SIDE: 65 87 88 
ANGLE: 43.6028 67.3801 69.017
AREA: 2640
SIDE: 68 75 77 
ANGLE: 53.1301 61.9275 64.9424
AREA: 2310
SIDE: 68 87 95 
ANGLE: 43.6028 61.9275 74.4697
AREA: 2850
SIDE: 75 86 97 
ANGLE: 47.925 58.3352 73.7398
AREA: 3096
SIDE: 78 95 97 
ANGLE: 47.925 64.6949 67.3801
AREA: 3420
